HER+ X CONTROL tudo.xls
==> mins
[ 6536  5648 15404 11680  6080   344  8543  7314   492 15134 13776  3335
 11824 12089 12842  2988  5252  6762  4353  8842]
[-17.9441  -14.6913  -13.7655  -13.5018  -12.5051  -12.1808  -10.017
  -9.54031  -9.48918  -9.45897  -9.14953  -8.92377  -8.59778  -8.53341
  -8.18289  -8.12731  -8.03238  -7.91462  -7.84504  -7.56343]
==> maxs
[ 9790  5908 14659 11991  7075  3412  7069 13288  7072  9570  4750  4021
  1049 15335 13326  9028  7074  4011  7087 16118]
[26.6185  25.5814  25.053   24.2453  21.7769  18.9213  15.4577  14.048
 13.1807  12.7983  12.6911  12.5607  11.7737  11.581   10.4     10.377
 10.2121  10.0737   9.34428  9.1652 ]
