HER+ X LUMINAL HER tudo.xls
==> mins
[12185  9807  4562  7114  8755  2264 13548 15126 13055 15340  9318 15859
  6466  4011  4252 10699  3149  7001 17436  2056]
[-10.1281   -8.9808   -8.59819  -7.6351   -7.04629  -6.6972   -6.10663
  -5.92561  -5.51682  -5.40865  -5.23843  -5.13394  -4.99151  -4.95905
  -4.94897  -4.92657  -4.8583   -4.73933  -4.70494  -4.6955 ]
==> maxs
[15234  9790 10508 16118  3085 10714   668 15068  2704  1329  9915  2690
 12527  6669 15335  4016 14337 13421 12348   522]
[17.1823  17.1766   9.03225  7.77337  7.22728  6.71675  6.50975  6.46028
  5.99626  5.87747  5.86787  5.77813  5.70407  5.66348  5.40819  5.20133
  5.10073  4.88223  4.41599  4.34238]
