LUMINAL HER X CONTROL total.xls
==> mins
[ 5648  5252 15404  6536  6080   344 12089  8543 11824 11680 12842  8842
 15134  8293   492  8320  3387  6762  5929  6893]
[-31.3691  -25.0948  -18.1885  -17.2388  -15.9013  -14.8043  -14.1224
 -12.5778  -11.4038  -11.0829  -10.5757  -10.1259   -9.97222  -9.36484
  -9.03041  -8.98836  -8.84567  -8.83035  -8.70256  -8.61168]
==> maxs
[ 4011  4750  7075  4021  4010 11991  5908  3412 11808 13288  3717  8755
 13284  7413  5500  7069  6605  3396 17129  3556]
[56.3203 48.6222 40.8126 28.3307 26.4825 25.6219 23.3353 20.4603 18.5462
 18.514  17.7023 17.6095 16.6198 16.5255 14.6636 13.6025 12.299  11.8392
 11.4626 11.3839]
