LUMINAL HER X LUMINAL total.xls
==> mins
[ 1219 16118  6697  4095  9874 12098  1983  7138  3465 14841 16687  8873
  4125 14014 15905 13532 15234 10508  8301 15491]
[-9.84871 -8.59548 -7.99947 -6.83218 -6.79273 -6.75298 -6.12612 -5.87164
 -5.67285 -5.51507 -5.48288 -5.40052 -5.17666 -4.66747 -4.66213 -4.46822
 -4.45156 -4.42941 -4.37885 -4.37816]
==> maxs
[ 9807  7114  7075  3073  5985 16813 16145  6466  7072  8962  5702  6612
  3039 13055  4252 17400  7086 16554  1489 14024]
[9.88555 9.73604 6.42298 6.0495  5.72406 5.04391 4.95058 4.83759 4.8065
 4.80002 4.79073 4.4495  4.27724 4.2647  4.13805 4.03566 4.00833 3.99691
 3.92803 3.92338]
