LUMINAL A X CONTROLE FINAL total.xls
==> mins
[ 5252  6536  9882 15404 12089  5648  8543  6080 12842   344 11824 15134
   737  3387  8842  4353  2573   134  7314  4318]
[-14.464   -13.3125  -12.4892  -11.9491  -10.457   -10.1609   -9.35389
  -8.63013  -8.44277  -8.04509  -7.95514  -7.59298  -7.17324  -7.12203
  -6.78608  -6.63165  -6.43839  -6.39933  -5.9677   -5.862  ]
==> maxs
[11991   422  5908  4750  4011  4021  1049  7108  3717  7109  4095  4010
 13284  6605 12967   423 16118  5499  7488  9110]
[21.0987  19.0976  17.6626  17.5266  15.8757  14.6768  13.9728  13.1776
 13.1369  12.1254  12.1102  11.8524  11.5694  11.4388  10.2373   9.64103
  9.42272  9.33451  9.18689  9.09976]
