TN x HER tudo.xls
==> mins
[ 9790  9882 15335 16118  3735   422 15234 15337 11304  7647 13908   668
 12527  1329  2512  6281  2704   423 14231 13013]
[-69.59 -35.33 -27.08 -16.46 -14.14 -13.44 -12.79 -12.35 -10.59  -8.06
  -8.03  -7.86  -7.77  -7.53  -7.51  -7.28  -7.07  -7.05  -7.03  -6.97]
==> maxs
[ 3726 14343  6115  2629  4952 12261  9590  4008  5648 15491  8321  8301
  6412 16687 12514  7038 13776 11472 14167  5254]
[83.   39.15 28.07 24.94 24.24 21.39 15.18 14.52 13.73 13.44 12.56 12.48
 12.36 12.11 11.55 11.42 11.24 11.15 11.11 10.32]
