TN X CONTROLE total .xls
==> mins
[ 9882  5252 11680   811 15404   344  6536  6893  1560   492  6080  2988
 15134 13530 11824  3387  8543  4125  7314  7138]
[-56.709   -43.3342  -32.2972  -22.3909  -22.3549  -20.7116  -17.8845
 -13.3754  -13.2875  -12.2053  -11.9601  -11.914   -11.6271  -11.4054
 -11.1566  -10.6386  -10.491    -9.66389  -9.57226  -9.14189]
==> maxs
[ 3726  7075  9590  6115  3412  4750  7045  4008 14343  2968 14659  4952
 13284 15850  5908  3039 11520 15918 12261  7087]
[77.7124 41.1939 30.3285 24.9198 24.8763 24.1853 22.3431 22.0282 20.9387
 20.7456 20.5314 17.3803 16.7751 16.367  16.0398 15.3657 15.1094 14.8446
 14.03   13.4903]
